9
21
27
4
28
24
28
28
3
30
21
25
17
8
18
22
8
16
25
28
1
14
25
20
7
1
25
8
5
14
18
26
13
30
7
8
11
2
25
21
27
17
23
24
22
10
10
6
1
9
27
13
7
16
24
14
25
8
20
13
22
29
6
15
10
22
9
25
28
19
10
30
3
11
29
13
29
17
1
9
15
5
7
30
17
5
23
26
20
16
6
25
3
8
6
12
2
12
1
18
8
18
10
12
2
24
6
9
16
17
12
10
15
7
9
13
17
26
28
2
20
22
26
7
13
17
5
3
5
11
19
28
22
6
11
11
26
7
20
17
5
11
15
2
8
19
24
19
9
24
3
10
28
17
26
14
3
20
21
2
15
14
11
20
10
4
16
19
14
14
8
12
6
18
20
14
17
3
15
16
4
22
26
16
9
11
30
17
21
28
22
24
24
27
27
23
15
3
26
30
14
21
7
16
30
21
3
14
17
16
10
8
18
5
5
24
12
20
26
5
6
23
28
14
20
29
16
24
3
6
12
21
3
17
2
5
4
26
13
24
11
29
9
6
28
11
10
30
24
17
17
13
18
15
4
4
16
21
10
24
13
23
11
14
30
26
4
11
28
29
5
14
17
3
23
5
27
2
22
16
29
17
26
5
17
5
18
11
11
2
15
7
21
10
6
7
11
29
6
21
8
10
7
6
22
11
10
15
17
29
7
12
7
18
22
15
23
25
20
27
12
29
10
28
27
19
25
1
7
21
4
17
19
13
22
27
29
30
15
11
2
2
6
26
1
22
4
16
5
30
4
3
28
12
8
6
9
29
7
11
8
2
22
14
18
27
21
25
22
14
15
7
9
3
10
24
26
25
12
28
21
3
27
4
9
26
3
28
23
3
22
8
30
23
10
26
29
1
14
26
25
17
25
8
7
13
17
22
30
30
6
2
21
19
27
18
12
10
16
23
20
26
19
1
20
13
3
2
13
2
25
5
9
13
5
22
12
2
23
6
19
11
1
8
28
6
26
15
4
16
9
19
27
14
25
20
5
12
3
13
1
9
12
29
11
7
29
27
29
28
19
30
17
3
6
13
1
4
20
23
15
25
13
20
19
23
14
3
9
20
4
25
16
15
15
23
19
13
23
22
6
6
24
14
3
14
14
20
30
26
29
19
7
13
1
16
11
8
1
11
29
1
3
8
3
19
15
18
17
8
30
2
11
5
22
26
14
19
23
19
16
30
11
28
6
21
9
11
12
24
23
13
23
4
24
19
1
12
30
24
29
25
18
19
4
29
9
24
15
4
27
10
6
18
23
24
5
16
2
4
9
23
28
27
23
10
28
1
2
27
2
8
27
18
15
18
30
23
20
9